enum terrain
{
	Flat = 0
	Hill = 1
	Mountain = 2
	Lake = 3
	Stream = 4
	River = 5
}
enum cover
{
	Grass = 0
	Marsh = 1
	Wood = 2
	Forest = 3
	Wall = 4
	Building = 5
}
tile( 1 )
{
	Flat, Grass
}
tile( 2 )
{
	Hill, Grass
}
tile( 3 )
{
	River, Grass
}
tile( 4 )
{
	Flat, Road
}
tile( 5 )
{
	Hill, Road
}
tile( 6 )
{
	Flat, Building
}
tile( 7 )
{
	Flat, [ Building, Road ]
}
map
{

1,1,1,1,1,1,1,1,2,2,2,2,2,1,1,1,1,1,1,1,1,1,1,1,1,1,1,1,1,1,1,1,2,2,2,1,1,1,1,1,1,1,1,3,1,1,1,1,1,3,2,5,2,1,1,1,1,1,1,1,1,1,1,1,1,1,1,1,1,1,1,1,1,1,1,1,1,4,1,1,1,2,2,2,2,2,1,1,1,1,1
,1,1,1,1,1,1,1,1,2,2,2,2,2,2,2,2,1,1,1,1,1,1,1,1,1,1,1,1,1,1,1,1,2,2,2,2,1,1,1,1,1,1,1,1,3,1,1,1,1,3,1,2,5,2,2,1,1,1,1,1,1,1,1,1,1,1,1,1,1,1,1,1,1,1,1,1,4,1,1,1,1,2,2,2,2,2,2,1,1,1,1
,1,1,1,1,1,1,1,1,2,2,2,2,2,2,2,2,1,1,1,1,1,1,1,1,1,1,1,1,1,1,1,1,1,2,2,2,2,2,2,1,1,1,1,1,1,3,1,1,1,1,1,1,2,5,2,2,2,1,1,1,1,1,1,1,1,1,1,1,1,1,1,1,2,2,2,4,1,1,1,1,1,1,2,2,2,2,1,1,1,1,1
,2,2,2,2,2,2,2,2,2,2,2,2,2,2,2,2,2,2,2,2,2,2,2,2,1,2,2,2,2,2,2,2,2,2,2,2,2,2,2,2,2,2,2,2,2,3,1,1,1,1,1,1,1,2,5,2,2,2,2,1,1,1,1,1,1,1,2,2,2,2,2,2,2,2,5,2,1,1,1,1,1,1,1,2,2,2,2,1,4,4,4
,2,2,2,2,2,2,2,2,2,2,2,2,2,2,2,2,2,2,2,2,2,2,2,2,2,2,2,2,2,2,2,2,2,2,2,2,2,2,2,2,2,2,2,2,2,1,3,1,1,1,1,1,1,1,2,5,2,2,2,2,2,1,1,2,2,2,2,2,2,2,2,2,2,5,2,2,2,1,1,1,1,1,1,1,1,4,4,4,1,1,1
,2,2,2,2,2,2,2,2,2,2,2,2,2,2,2,2,2,2,2,2,2,2,2,2,2,2,2,2,2,2,2,2,2,2,2,2,2,1,1,1,1,1,1,1,1,1,1,3,1,1,1,1,1,1,1,2,5,2,2,2,2,2,2,2,2,2,2,2,2,2,2,2,5,2,2,2,2,1,1,1,1,1,4,4,4,1,1,2,2,2,1
,2,2,2,1,1,1,1,1,1,1,1,1,1,1,1,1,1,1,1,1,1,1,1,1,1,1,1,1,1,1,1,1,1,1,1,1,1,1,1,1,1,1,1,1,1,1,1,3,1,1,1,1,1,1,1,1,2,5,1,2,2,2,2,2,2,2,2,2,2,2,2,5,2,2,2,2,2,1,1,1,1,4,1,1,1,1,2,2,2,2,2
,2,2,2,1,1,1,2,2,2,2,2,2,2,2,2,2,2,2,1,1,1,1,1,1,1,1,1,1,1,1,1,1,1,1,1,1,1,1,1,1,1,1,1,1,1,1,1,3,1,1,1,1,1,1,1,1,1,5,2,2,2,2,2,2,2,2,2,2,2,2,5,2,2,2,2,2,1,1,1,4,4,1,1,1,1,1,1,2,2,2,2
,2,2,2,2,1,1,2,2,2,2,2,2,2,2,2,2,2,2,1,1,1,1,1,1,1,1,1,1,1,1,1,1,1,1,1,1,1,1,1,1,1,1,1,1,1,1,3,1,1,1,1,1,1,1,1,1,1,4,1,2,2,2,2,2,2,2,2,2,2,5,2,2,2,2,2,1,1,1,4,1,1,1,1,1,1,1,1,1,1,2,2
,2,2,2,2,1,1,2,2,1,1,1,1,1,1,1,1,1,1,1,1,1,1,1,1,1,1,1,1,1,1,1,1,1,1,1,1,3,3,3,3,1,1,1,3,3,3,1,1,1,1,1,1,1,1,1,1,1,4,1,1,1,2,2,2,2,2,2,2,5,2,2,2,2,2,1,1,1,4,1,1,1,1,1,1,1,1,1,1,1,1,1
,2,2,2,2,1,1,1,1,1,1,1,1,1,1,1,1,1,1,1,1,1,1,1,1,1,1,1,1,1,1,1,1,3,3,3,3,1,1,1,1,3,3,1,1,1,1,1,1,1,1,1,1,1,1,1,1,1,4,1,1,1,1,1,2,2,2,2,4,2,2,2,2,2,1,1,1,4,1,1,1,1,1,1,1,1,1,1,1,1,1,1
,2,2,2,2,2,1,1,1,1,1,1,1,1,1,1,1,1,1,1,1,1,1,1,1,1,1,1,1,1,1,1,3,1,1,1,1,1,1,1,1,1,1,1,1,1,1,1,1,1,1,1,1,1,1,1,1,1,4,1,1,1,1,1,1,1,1,4,1,1,1,1,1,1,1,1,4,4,1,1,1,1,1,1,1,1,1,1,1,1,1,1
,2,2,2,2,2,1,1,1,1,1,1,1,1,1,1,1,1,1,1,1,1,1,1,1,1,1,1,1,1,3,3,1,1,1,1,1,1,1,1,1,1,1,1,1,1,1,1,1,1,1,1,1,1,1,1,1,1,1,4,1,1,1,1,1,1,1,4,1,1,1,1,1,1,1,4,1,1,1,1,1,1,1,1,1,1,1,1,1,1,1,1
,2,2,2,2,2,1,1,1,1,1,1,1,1,1,1,1,1,1,1,1,1,1,1,1,1,1,1,1,3,1,1,1,1,1,1,1,1,1,1,1,1,1,1,1,1,1,1,1,1,1,1,1,1,1,1,1,1,1,4,1,1,1,1,1,1,1,4,1,1,1,1,1,1,4,1,1,1,1,1,1,1,1,1,1,1,1,1,1,1,1,1
,2,2,2,2,2,1,1,1,1,1,1,1,1,1,1,3,3,1,1,1,1,1,1,1,1,1,1,3,1,1,1,1,1,1,1,1,1,1,1,1,1,1,1,1,1,1,1,1,1,1,1,1,1,1,1,1,1,1,4,1,1,3,1,1,1,1,4,1,1,1,1,1,4,1,1,1,1,1,1,1,1,1,1,1,1,1,1,1,1,1,1
,2,2,2,2,2,1,1,1,1,1,1,1,1,1,3,1,1,1,3,1,1,1,1,1,1,1,3,1,1,1,1,1,1,1,1,3,1,1,3,1,1,3,3,3,3,3,3,3,3,3,3,3,3,3,3,3,3,3,3,4,3,1,1,3,1,6,4,6,1,1,1,4,1,1,1,1,3,3,3,1,1,1,1,1,1,1,1,1,1,1,1
,1,2,2,2,2,1,1,1,3,3,3,3,3,1,1,1,1,1,1,3,3,3,3,3,3,3,3,3,3,3,3,3,3,3,3,1,3,3,1,3,1,1,1,1,1,1,1,1,1,1,1,1,1,1,1,1,2,2,2,1,4,1,1,1,3,1,4,3,1,1,4,3,3,3,3,3,3,3,3,3,3,3,3,1,1,1,1,1,1,1,1
,1,2,2,2,2,1,1,3,2,2,2,2,1,1,1,1,1,2,2,2,1,1,1,1,1,1,2,2,2,1,1,1,1,1,1,1,1,1,1,1,1,1,1,1,1,1,1,1,1,1,1,1,1,1,1,1,2,2,2,2,1,4,1,1,1,1,4,1,3,1,4,1,1,1,1,1,3,3,3,1,1,1,1,3,3,3,3,3,3,3,3
,1,2,2,2,2,1,1,1,3,3,3,1,1,1,1,1,2,2,2,2,1,1,1,1,1,1,2,2,2,2,1,1,1,1,1,1,1,1,1,1,1,1,1,1,1,1,1,1,1,1,1,1,1,1,1,2,2,2,2,2,1,1,4,1,1,1,4,1,1,1,4,1,1,1,1,1,1,1,1,1,1,1,1,1,1,1,1,1,1,1,1
,1,2,2,2,2,1,1,1,1,1,1,3,1,1,1,1,2,2,2,2,1,1,1,1,1,1,1,2,2,2,2,1,1,1,1,1,1,1,1,1,1,1,1,1,1,1,1,1,1,1,1,1,1,1,1,2,2,2,2,2,1,1,1,4,1,1,4,1,1,1,4,1,1,1,1,1,1,1,1,1,1,1,1,1,1,1,1,1,1,1,1
,1,2,2,2,2,1,1,1,1,1,3,1,1,1,1,1,1,2,2,2,1,1,1,1,1,1,1,1,2,2,2,2,1,1,1,1,1,1,1,1,1,1,1,1,1,1,1,1,1,1,1,1,1,1,1,2,2,2,2,2,1,1,1,1,4,1,4,1,1,1,4,1,1,1,1,1,1,1,1,1,1,1,1,1,1,1,1,1,1,1,1
,1,2,2,2,2,1,1,1,1,1,1,3,1,1,1,1,1,2,2,2,2,1,1,1,1,1,1,1,1,2,2,2,2,1,1,1,1,1,1,1,1,1,1,1,1,1,1,1,1,1,1,1,1,1,1,2,2,2,2,2,1,1,1,1,1,4,4,1,1,4,1,1,1,1,1,1,1,1,1,1,1,1,1,1,1,1,1,1,1,1,1
,1,2,2,2,2,1,1,1,1,1,1,3,1,1,1,1,1,2,2,2,2,1,1,1,1,1,1,1,1,1,2,2,2,1,1,1,1,1,1,1,1,1,1,1,1,1,1,1,1,1,1,1,1,1,1,1,2,2,2,2,1,1,4,4,7,7,7,7,4,1,1,1,1,1,1,1,1,1,1,1,1,1,1,1,1,1,1,1,1,1,1
,1,2,2,2,2,1,1,1,1,1,1,1,3,1,1,1,1,2,2,2,2,1,1,4,4,4,4,4,4,4,4,5,5,4,4,4,7,4,4,4,4,4,4,4,4,4,4,4,4,4,7,4,4,4,4,4,4,5,5,5,4,4,1,1,7,7,7,7,1,1,1,1,1,1,1,1,1,1,1,2,2,2,2,2,2,2,1,1,1,1,1
,1,2,2,2,2,2,1,1,1,1,1,1,3,1,1,1,1,1,2,5,5,4,4,1,1,1,1,1,1,1,1,2,2,2,1,1,1,1,1,1,1,1,1,1,1,1,1,1,1,1,1,1,1,1,1,1,1,2,2,2,2,1,1,1,1,4,1,4,1,1,1,1,1,1,1,2,2,2,2,2,2,2,2,2,1,1,1,1,1,1,1
,1,2,2,2,2,2,1,1,1,1,1,1,3,1,1,1,1,4,4,2,2,1,1,1,1,1,1,2,2,2,1,2,2,2,1,1,1,1,1,1,1,1,2,2,2,2,2,1,1,1,1,1,1,1,1,1,1,1,2,2,2,2,1,1,1,4,1,1,4,1,1,1,1,2,2,2,2,2,2,2,2,2,1,1,1,1,1,1,1,1,1
,1,1,2,2,2,2,1,1,1,1,1,1,1,3,4,4,4,1,2,2,2,2,1,1,1,1,1,1,2,2,1,1,1,1,1,1,1,1,1,1,1,1,1,2,2,2,2,2,1,1,1,1,1,1,1,1,1,1,1,2,2,2,1,1,4,1,1,1,1,4,2,2,2,2,2,2,2,2,1,1,1,1,1,1,1,1,1,1,1,1,1
,1,1,2,2,2,2,1,1,1,1,1,3,1,4,1,1,1,1,1,2,2,2,1,1,1,1,1,1,2,2,1,1,1,1,1,1,1,1,1,1,1,1,1,1,2,2,2,2,2,1,1,1,1,1,1,1,1,1,1,1,1,1,1,4,1,1,1,2,2,2,5,2,2,2,2,2,1,1,1,1,1,1,1,1,1,1,1,1,1,1,1
,1,1,1,2,2,1,1,1,1,3,1,4,1,2,2,2,1,1,1,2,2,2,2,1,1,1,1,1,2,2,2,1,1,1,1,1,1,1,1,1,1,1,1,1,1,2,2,2,2,2,2,1,1,1,1,1,1,1,1,1,1,1,1,4,1,1,2,2,2,2,2,5,2,2,2,1,1,1,1,1,1,1,1,1,1,1,1,1,1,1,1
,1,1,1,1,1,1,1,3,1,4,1,1,2,2,2,2,2,2,2,2,2,2,2,2,2,2,2,2,2,2,2,2,2,2,2,2,2,2,2,2,2,2,2,2,2,2,2,2,2,2,2,1,1,1,1,1,1,1,1,1,1,1,4,1,1,2,2,2,2,2,2,1,4,1,1,1,1,1,1,1,1,1,1,1,1,1,1,1,1,1,1
,1,1,1,1,1,3,1,1,4,1,1,1,2,2,2,2,2,2,2,2,2,2,2,2,2,2,2,2,2,2,2,2,2,2,2,2,2,2,2,2,2,2,2,2,2,2,2,2,2,2,2,1,1,1,1,1,1,1,1,1,1,1,4,1,1,2,2,2,1,1,1,1,1,4,1,1,1,1,1,1,1,1,1,1,1,1,1,1,1,1,1
,1,1,1,1,3,1,B,4,1,1,1,1,1,1,1,2,2,2,2,2,2,2,2,2,2,2,2,2,2,1,1,1,1,1,1,1,1,1,2,2,2,2,2,2,2,1,1,1,1,1,1,1,1,1,1,1,1,1,1,1,1,1,4,1,1,1,1,1,1,1,1,1,1,1,4,1,1,1,1,1,1,1,1,1,1,1,1,1,1,1,1
,1,1,3,1,1,1,4,1,1,1,1,1,1,1,1,1,1,1,1,1,1,1,1,1,1,1,1,1,1,1,1,1,1,1,1,1,1,1,1,1,1,1,1,1,1,1,1,1,1,1,1,1,1,1,1,1,1,1,1,1,1,4,1,1,1,1,1,1,1,1,1,1,1,1,1,4,1,1,1,1,1,1,1,1,1,1,1,1,1,1,1
,1,3,1,1,1,4,1,1,1,1,1,1,1,1,1,1,1,1,1,1,1,1,1,1,1,1,1,1,1,1,1,1,1,1,1,1,1,1,1,1,1,1,1,1,1,1,1,1,1,1,1,1,1,1,1,1,1,1,1,1,1,4,1,1,1,1,1,1,1,1,1,1,1,1,1,1,4,1,1,1,1,1,1,1,1,1,1,1,1,1,1
,3,1,1,1,4,1,1,1,1,1,1,1,1,1,1,1,1,1,1,1,1,1,1,1,1,1,1,1,1,1,1,1,1,1,1,1,1,1,1,1,1,1,1,1,1,1,1,1,1,1,1,1,1,1,1,1,1,1,1,1,4,1,1,1,1,1,1,1,1,1,1,1,1,1,1,1,1,4,1,1,1,1,1,1,1,1,1,1,1,1,1
,ÿ
}
